NMF_Replicate	L1	L1 %	L2	L2 %	KL Divergence	Correlation	Convergence Iterations
1	938.225	18.488	152.094	19.762	0.032	0.946	20000.0
2	924.687	18.309	147.721	19.53	0.031	0.945	40000.0
3	947.026	19.024	148.707	19.728	0.034	0.944	50000.0
4	907.8	18.165	149.49	19.536	0.032	0.946	20000.0
5	957.156	19.193	152.749	20.135	0.034	0.943	40000.0
6	909.79	18.478	144.882	19.361	0.033	0.948	30000.0
7	942.499	18.829	147.494	19.757	0.034	0.945	20000.0
8	921.461	18.62	149.061	19.705	0.033	0.946	40000.0
9	902.397	18.1	143.39	19.125	0.032	0.95	40000.0
10	899.553	17.977	141.798	18.912	0.031	0.951	30000.0
11	917.26	18.45	144.575	19.24	0.033	0.948	20000.0
12	945.474	19.013	152.868	20.265	0.035	0.942	20000.0
13	940.089	18.887	146.999	19.675	0.034	0.946	40000.0
14	921.135	18.257	145.947	19.448	0.032	0.946	40000.0
15	912.357	18.329	143.501	19.306	0.031	0.948	30000.0
16	916.261	18.185	145.09	19.063	0.031	0.949	40000.0
17	938.784	18.758	148.467	19.637	0.033	0.947	20000.0
18	935.34	18.558	147.377	19.588	0.034	0.945	20000.0
19	921.079	18.234	144.932	19.184	0.031	0.948	30000.0
20	894.728	18.127	142.656	19.202	0.031	0.948	40000.0
21	916.192	18.291	144.656	19.148	0.032	0.949	50000.0
22	942.491	18.594	149.343	19.741	0.032	0.946	40000.0
23	930.895	18.395	149.3	19.269	0.032	0.949	20000.0
24	918.499	18.181	146.68	19.242	0.031	0.95	20000.0
25	936.257	19.036	150.312	20.387	0.034	0.942	20000.0
26	935.695	18.697	148.577	19.763	0.033	0.947	20000.0
27	927.056	18.451	151.764	19.639	0.032	0.947	20000.0
28	898.116	18.014	143.509	19.134	0.031	0.949	20000.0
29	908.504	17.77	144.922	18.988	0.031	0.95	40000.0
30	921.641	18.685	148.232	19.912	0.034	0.946	30000.0
31	918.618	18.591	146.393	19.79	0.033	0.946	40000.0
32	929.849	18.712	147.096	19.686	0.034	0.946	130000.0
33	916.981	18.496	143.832	19.481	0.032	0.947	30000.0
34	920.677	18.439	146.593	19.478	0.034	0.949	20000.0
35	932.761	18.513	151.11	19.915	0.033	0.947	20000.0
36	928.187	18.439	145.5	19.117	0.032	0.948	20000.0
37	923.611	18.638	147.978	19.774	0.033	0.946	160000.0
38	920.273	18.418	147.943	19.607	0.032	0.947	20000.0
39	927.677	18.171	151.019	19.689	0.031	0.948	40000.0
40	937.07	18.648	150.248	19.709	0.032	0.947	30000.0
41	924.425	18.779	146.337	19.743	0.034	0.945	20000.0
42	932.998	18.546	149.135	19.705	0.032	0.947	20000.0
43	916.439	18.314	148.472	19.564	0.032	0.947	30000.0
44	953.921	18.823	151.451	19.805	0.033	0.946	30000.0
45	924.259	18.251	146.855	19.301	0.032	0.948	40000.0
46	917.901	18.124	152.0	19.579	0.032	0.948	40000.0
47	944.128	18.883	150.878	20.189	0.034	0.944	30000.0
48	926.434	18.263	148.754	19.349	0.031	0.949	20000.0
49	915.045	18.265	143.983	19.081	0.033	0.95	20000.0
50	933.861	18.488	151.464	19.684	0.033	0.947	20000.0
51	939.152	18.574	147.215	19.558	0.033	0.946	20000.0
52	927.105	18.518	145.154	19.288	0.032	0.947	20000.0
53	927.146	18.596	148.113	19.464	0.033	0.947	30000.0
54	932.049	18.567	153.404	20.004	0.033	0.945	20000.0
55	941.34	18.806	150.794	19.971	0.033	0.946	20000.0
56	927.948	18.167	148.339	19.315	0.032	0.948	40000.0
57	903.63	18.386	143.15	19.305	0.033	0.949	30000.0
58	918.298	18.271	148.397	19.354	0.032	0.948	20000.0
59	935.703	18.795	150.175	19.771	0.033	0.946	20000.0
60	903.899	18.17	144.28	19.266	0.032	0.948	30000.0
61	925.154	18.472	146.408	19.377	0.033	0.947	20000.0
62	915.189	18.172	142.279	18.923	0.031	0.951	50000.0
63	943.319	18.839	151.343	19.909	0.033	0.946	20000.0
64	937.788	18.952	149.254	19.846	0.034	0.946	150000.0
65	941.668	18.398	147.209	19.297	0.032	0.948	20000.0
66	916.206	18.307	144.491	19.382	0.032	0.948	20000.0
67	936.988	18.473	149.054	19.479	0.033	0.947	30000.0
68	933.858	18.845	145.761	19.526	0.033	0.947	60000.0
69	927.66	18.493	145.946	19.532	0.033	0.947	20000.0
70	933.352	18.58	151.038	19.767	0.034	0.947	30000.0
71	931.08	18.72	150.474	19.657	0.034	0.947	40000.0
72	922.044	18.223	146.986	19.09	0.032	0.949	30000.0
73	906.436	17.956	142.939	18.937	0.031	0.949	20000.0
74	941.29	18.597	148.448	19.587	0.033	0.946	30000.0
75	924.928	18.468	148.022	19.322	0.032	0.949	30000.0
76	930.263	18.569	145.086	19.534	0.032	0.945	50000.0
77	940.399	18.723	146.948	19.6	0.033	0.947	20000.0
78	920.449	18.431	146.515	19.497	0.033	0.947	50000.0
79	913.273	18.083	145.017	19.126	0.031	0.948	20000.0
80	919.355	17.956	145.303	19.078	0.031	0.949	20000.0
81	919.146	18.422	147.378	19.398	0.032	0.947	30000.0
82	930.647	18.363	150.23	19.623	0.032	0.946	20000.0
83	942.872	18.599	148.428	19.691	0.033	0.946	20000.0
84	944.822	19.073	151.693	20.004	0.034	0.944	30000.0
85	923.276	18.277	144.249	19.157	0.032	0.948	20000.0
86	951.005	18.985	148.318	19.871	0.034	0.945	30000.0
87	924.441	18.24	148.008	19.386	0.032	0.948	20000.0
88	922.696	18.338	147.596	19.426	0.033	0.948	20000.0
89	924.942	18.42	146.467	19.297	0.032	0.948	30000.0
90	954.79	19.066	154.993	20.351	0.034	0.943	20000.0
91	909.068	17.927	144.35	19.038	0.03	0.95	80000.0
92	930.224	18.66	149.401	19.868	0.033	0.944	30000.0
93	945.021	18.972	150.394	19.9	0.034	0.946	20000.0
94	927.171	18.445	145.817	19.585	0.032	0.945	30000.0
95	907.117	18.008	148.07	19.242	0.032	0.949	30000.0
96	940.271	18.569	148.685	19.518	0.033	0.948	20000.0
97	922.962	18.209	148.555	19.39	0.032	0.948	20000.0
98	941.909	18.797	151.58	19.812	0.033	0.946	40000.0
99	949.858	19.029	150.983	20.133	0.034	0.944	40000.0
100	904.0	18.235	144.205	19.322	0.032	0.948	30000.0
101	921.363	18.193	147.018	19.189	0.031	0.948	30000.0
102	948.099	18.974	149.975	20.074	0.034	0.944	20000.0
103	941.841	18.744	152.556	20.013	0.033	0.945	30000.0
104	887.877	17.917	139.319	18.743	0.031	0.951	20000.0
105	946.441	18.981	152.893	20.234	0.034	0.943	20000.0
106	925.526	18.515	145.861	19.318	0.032	0.948	30000.0
107	904.044	18.009	142.005	18.947	0.032	0.949	30000.0
108	931.549	18.697	145.957	19.568	0.033	0.946	30000.0
109	931.101	18.588	149.577	19.834	0.033	0.944	20000.0
110	944.16	18.681	152.12	19.863	0.033	0.947	20000.0
111	900.039	18.17	143.445	19.064	0.032	0.95	30000.0
112	932.059	18.663	146.928	19.653	0.033	0.946	20000.0
113	906.512	18.083	144.289	19.385	0.032	0.947	80000.0
114	927.936	18.825	148.824	19.942	0.034	0.945	30000.0
115	931.358	18.434	151.286	19.692	0.032	0.945	40000.0
116	940.474	18.73	150.177	19.892	0.033	0.946	20000.0
117	928.434	18.457	145.575	19.33	0.033	0.948	30000.0
118	918.391	18.402	145.719	19.436	0.033	0.947	20000.0
119	937.704	18.867	150.43	20.059	0.034	0.945	30000.0
120	901.458	18.442	145.227	19.451	0.033	0.947	20000.0
121	937.665	18.492	149.798	19.586	0.032	0.946	40000.0
122	922.185	18.397	144.439	19.173	0.032	0.95	40000.0
123	930.012	18.683	145.586	19.574	0.033	0.946	40000.0
124	912.474	18.216	146.432	19.073	0.031	0.949	30000.0
125	925.902	18.47	146.56	19.632	0.032	0.945	20000.0
126	922.351	18.201	146.37	19.17	0.031	0.949	20000.0
127	908.647	18.331	147.865	19.501	0.032	0.948	30000.0
128	918.942	18.157	146.847	19.248	0.031	0.95	20000.0
129	910.765	18.006	142.858	18.987	0.031	0.949	20000.0
130	928.585	18.533	146.766	19.556	0.033	0.946	30000.0
131	913.852	18.316	145.773	19.323	0.032	0.948	20000.0
132	901.596	18.073	143.769	19.024	0.032	0.949	20000.0
133	898.295	17.962	142.714	19.035	0.032	0.949	40000.0
134	947.604	18.734	151.89	19.778	0.033	0.946	20000.0
135	945.097	18.958	151.151	20.048	0.035	0.944	40000.0
136	925.607	18.474	150.432	19.808	0.032	0.945	20000.0
137	916.6	18.495	145.849	19.612	0.034	0.947	30000.0
138	922.565	18.652	146.101	19.612	0.033	0.947	40000.0
139	928.547	18.756	147.039	19.767	0.034	0.946	50000.0
140	925.153	18.77	150.759	19.915	0.034	0.945	20000.0
141	914.435	18.408	147.969	19.476	0.032	0.947	20000.0
142	907.046	18.077	142.017	18.865	0.031	0.949	40000.0
143	926.828	18.502	144.941	19.308	0.032	0.947	30000.0
144	943.213	18.609	151.023	19.781	0.033	0.946	20000.0
145	928.932	18.528	148.038	19.57	0.033	0.947	30000.0
146	929.429	18.652	147.187	19.649	0.033	0.946	40000.0
147	920.876	18.291	144.077	19.292	0.032	0.948	20000.0
148	941.575	18.693	151.594	19.803	0.033	0.946	30000.0
149	915.306	18.396	142.095	19.425	0.032	0.945	50000.0
150	920.346	18.179	148.067	19.374	0.032	0.948	20000.0
151	938.222	18.638	147.51	19.433	0.032	0.948	20000.0
152	933.496	18.66	152.659	19.904	0.034	0.946	20000.0
153	904.605	18.113	143.795	19.087	0.032	0.949	20000.0
154	912.091	18.386	145.166	19.513	0.032	0.946	20000.0
155	917.214	18.301	149.871	19.634	0.032	0.947	270000.0
156	909.665	18.332	144.553	19.521	0.032	0.946	30000.0
157	935.935	18.686	146.26	19.476	0.033	0.947	20000.0
158	944.908	18.633	150.219	19.738	0.033	0.946	20000.0
159	930.849	18.517	146.925	19.487	0.033	0.946	20000.0
160	919.446	18.238	147.495	19.429	0.032	0.948	20000.0
161	904.329	17.986	139.884	18.733	0.031	0.951	20000.0
162	964.45	19.068	152.292	20.174	0.034	0.943	30000.0
163	930.534	18.61	150.12	19.611	0.033	0.946	30000.0
164	924.484	18.256	149.084	19.294	0.032	0.948	40000.0
165	945.036	18.71	151.346	19.844	0.034	0.946	20000.0
166	919.459	18.724	147.12	19.706	0.033	0.946	20000.0
167	923.194	18.595	148.962	19.693	0.033	0.947	30000.0
168	932.78	18.319	147.575	19.267	0.032	0.948	20000.0
169	904.448	17.78	142.98	18.791	0.031	0.951	20000.0
170	940.011	18.663	147.565	19.515	0.032	0.947	40000.0
171	935.568	18.718	146.914	19.526	0.033	0.947	20000.0
172	929.71	18.646	147.744	19.766	0.033	0.946	30000.0
173	926.998	18.497	151.0	19.738	0.033	0.946	30000.0
174	959.947	19.2	151.922	20.129	0.035	0.944	40000.0
175	929.09	18.525	148.873	19.344	0.032	0.949	30000.0
176	929.105	18.696	149.299	19.895	0.033	0.944	40000.0
177	932.79	18.629	145.937	19.601	0.034	0.946	40000.0
178	920.016	18.328	148.114	19.403	0.033	0.948	20000.0
179	926.422	18.281	148.677	19.455	0.031	0.947	20000.0
180	925.289	18.359	148.296	19.596	0.033	0.946	20000.0
181	923.863	18.529	148.995	19.801	0.033	0.946	20000.0
182	915.712	18.344	145.021	19.312	0.033	0.947	20000.0
183	947.533	18.81	156.96	20.339	0.033	0.943	40000.0
184	940.911	18.888	147.023	19.54	0.034	0.947	20000.0
185	919.372	18.364	145.359	19.308	0.032	0.948	20000.0
186	943.576	18.613	147.885	19.478	0.033	0.948	70000.0
187	940.577	18.743	152.142	19.899	0.033	0.945	40000.0
188	936.859	18.683	148.89	19.486	0.033	0.948	20000.0
189	914.788	18.103	143.019	18.981	0.031	0.949	40000.0
190	932.833	18.576	147.136	19.463	0.033	0.948	30000.0
191	935.257	18.833	150.322	19.973	0.034	0.945	30000.0
192	918.085	18.422	143.341	19.225	0.033	0.949	50000.0
193	933.717	18.739	147.074	19.572	0.033	0.947	20000.0
194	935.199	18.478	151.325	19.784	0.032	0.946	20000.0
195	926.379	18.538	145.86	19.435	0.033	0.946	20000.0
196	922.024	18.444	150.051	19.625	0.032	0.947	30000.0
197	936.637	18.918	151.958	20.147	0.033	0.945	30000.0
198	919.646	18.296	147.101	19.474	0.033	0.947	30000.0
199	912.499	18.332	148.113	19.412	0.033	0.947	40000.0
200	941.769	18.88	151.996	20.12	0.034	0.943	30000.0
201	921.133	18.381	149.361	19.479	0.032	0.948	20000.0
202	922.464	18.287	147.554	19.2	0.032	0.95	20000.0
203	942.428	18.656	151.532	19.74	0.033	0.947	20000.0
204	921.116	18.247	145.546	19.241	0.032	0.948	40000.0
205	951.45	18.787	150.56	19.718	0.033	0.947	20000.0
206	919.878	18.181	148.976	19.406	0.031	0.948	20000.0
207	897.416	17.955	142.85	18.966	0.031	0.95	20000.0
208	938.645	18.989	151.525	20.037	0.034	0.945	30000.0
209	921.669	18.387	145.289	19.124	0.033	0.948	40000.0
210	943.516	18.803	149.132	19.737	0.033	0.946	30000.0
211	906.616	18.182	146.915	19.235	0.032	0.95	30000.0
212	903.176	17.93	140.007	18.691	0.031	0.951	30000.0
213	942.611	18.8	149.88	19.814	0.032	0.947	30000.0
214	928.009	18.829	149.236	20.004	0.034	0.945	30000.0
215	918.067	18.355	143.866	19.116	0.032	0.95	20000.0
216	895.451	17.732	142.501	18.679	0.03	0.952	30000.0
217	935.141	18.911	147.755	19.844	0.034	0.945	220000.0
218	937.838	18.697	149.455	19.553	0.034	0.947	20000.0
219	883.451	17.43	139.963	18.373	0.03	0.953	20000.0
220	899.363	18.042	142.678	19.039	0.031	0.95	20000.0
221	895.619	18.069	141.865	18.913	0.032	0.95	30000.0
222	915.852	18.287	147.917	19.359	0.032	0.948	20000.0
223	936.956	18.491	150.204	19.628	0.032	0.946	20000.0
224	908.005	18.278	142.102	19.11	0.032	0.949	30000.0
225	916.705	18.208	147.252	19.364	0.031	0.948	20000.0
226	924.609	18.475	147.378	19.521	0.033	0.947	30000.0
227	906.964	18.142	142.93	19.069	0.031	0.949	70000.0
228	908.534	18.127	148.702	19.364	0.031	0.948	20000.0
229	921.376	18.278	144.576	19.019	0.032	0.95	20000.0
230	930.179	18.367	144.597	19.08	0.032	0.948	20000.0
231	915.407	18.123	143.864	18.991	0.031	0.949	30000.0
232	908.218	18.174	148.542	19.437	0.031	0.948	20000.0
233	921.233	18.35	148.645	19.493	0.032	0.948	20000.0
234	933.458	18.481	150.502	19.543	0.032	0.947	30000.0
235	914.163	17.983	145.873	19.029	0.031	0.95	20000.0
236	917.085	18.532	145.282	19.626	0.034	0.947	30000.0
237	927.675	18.547	151.311	19.585	0.033	0.948	20000.0
238	940.424	18.684	148.527	19.616	0.033	0.946	20000.0
239	924.152	18.358	146.558	19.286	0.032	0.948	40000.0
240	921.672	18.409	145.073	19.346	0.032	0.948	100000.0
241	931.335	18.598	147.104	19.759	0.033	0.945	20000.0
242	922.09	18.673	146.48	19.719	0.033	0.946	20000.0
243	937.659	18.641	149.525	19.778	0.033	0.947	20000.0
244	924.421	18.609	145.022	19.426	0.032	0.947	20000.0
245	900.673	17.903	142.792	19.067	0.031	0.949	20000.0
246	930.418	18.673	147.867	19.618	0.033	0.945	20000.0
247	920.306	18.503	144.755	19.445	0.033	0.947	30000.0
248	925.173	18.281	146.763	19.132	0.032	0.949	20000.0
249	936.692	18.564	149.887	19.718	0.033	0.946	40000.0
250	925.979	18.149	149.838	19.067	0.032	0.95	60000.0
251	934.911	18.574	150.953	20.005	0.033	0.944	30000.0
252	916.863	18.139	147.246	19.138	0.032	0.949	30000.0
253	917.849	18.37	150.59	19.761	0.032	0.946	60000.0
254	947.778	18.755	150.736	19.808	0.033	0.945	20000.0
255	952.757	18.863	150.886	19.781	0.034	0.946	20000.0
256	909.818	18.172	145.986	19.361	0.031	0.948	40000.0
257	935.498	18.615	150.266	19.792	0.033	0.945	30000.0
258	957.812	18.894	149.396	19.678	0.033	0.945	20000.0
259	914.163	17.982	144.906	18.798	0.031	0.952	20000.0
260	926.658	18.664	147.687	19.691	0.034	0.946	20000.0
261	936.151	18.428	146.523	19.016	0.032	0.949	20000.0
262	930.452	18.724	147.504	19.618	0.034	0.947	20000.0
263	925.549	18.638	146.681	19.588	0.033	0.947	20000.0
264	904.363	18.378	144.668	19.419	0.033	0.948	20000.0
265	911.0	17.951	143.261	19.03	0.031	0.949	20000.0
266	915.695	18.243	144.191	19.149	0.033	0.95	60000.0
267	938.871	18.646	150.738	19.749	0.033	0.945	20000.0
268	934.636	18.556	147.488	19.463	0.033	0.947	40000.0
269	935.712	18.529	151.006	19.732	0.033	0.946	30000.0
270	925.8	18.401	147.784	19.594	0.033	0.946	40000.0
271	901.721	18.2	144.337	19.336	0.032	0.948	30000.0
272	929.625	18.556	149.75	19.73	0.033	0.946	20000.0
273	936.51	19.213	147.701	20.184	0.035	0.944	20000.0
274	916.814	18.159	142.873	18.942	0.032	0.95	20000.0
275	930.602	18.357	150.495	19.737	0.033	0.947	50000.0
276	921.963	18.341	149.549	19.74	0.032	0.945	30000.0
277	912.788	18.075	148.436	19.379	0.031	0.948	40000.0
278	934.585	18.749	150.789	20.065	0.033	0.945	20000.0
279	926.867	18.33	145.933	19.184	0.033	0.948	20000.0
280	935.346	18.643	148.513	19.44	0.033	0.949	30000.0
281	919.101	18.149	149.248	19.475	0.032	0.947	30000.0
282	945.41	18.81	151.855	20.085	0.033	0.943	20000.0
283	942.056	18.877	148.479	19.717	0.033	0.946	20000.0
284	893.135	17.732	141.23	18.766	0.031	0.951	30000.0
285	914.564	18.278	145.61	19.282	0.031	0.948	30000.0
286	944.586	18.952	149.841	19.977	0.034	0.944	20000.0
287	916.183	18.15	142.179	19.031	0.032	0.949	30000.0
288	916.934	18.413	146.413	19.484	0.032	0.948	30000.0
289	913.433	18.194	145.089	19.208	0.032	0.947	30000.0
290	905.571	18.208	146.709	19.262	0.031	0.949	20000.0
291	917.557	18.292	145.408	19.408	0.032	0.948	20000.0
292	933.918	18.742	146.938	19.687	0.032	0.945	30000.0
293	930.29	18.474	148.536	19.475	0.032	0.947	20000.0
294	919.297	18.342	147.888	19.649	0.033	0.946	30000.0
295	922.043	18.533	145.593	19.472	0.032	0.947	20000.0
296	890.156	17.547	140.107	18.536	0.03	0.951	30000.0
297	953.903	18.699	149.723	19.506	0.033	0.947	20000.0
298	958.895	19.068	149.871	19.751	0.034	0.946	30000.0
299	920.696	18.252	147.015	19.022	0.032	0.95	20000.0
300	907.664	18.194	144.81	19.222	0.032	0.948	20000.0
301	926.343	18.623	151.213	19.932	0.033	0.945	40000.0
302	942.145	19.092	147.716	19.957	0.034	0.945	40000.0
303	923.45	18.347	147.211	19.357	0.032	0.948	20000.0
304	935.304	18.781	147.165	19.701	0.033	0.946	20000.0
305	927.349	18.574	150.028	19.569	0.033	0.947	20000.0
306	920.367	18.244	146.054	19.037	0.031	0.949	40000.0
307	912.261	18.016	146.135	18.913	0.031	0.951	50000.0
308	928.763	18.444	145.644	19.272	0.032	0.948	30000.0
309	947.444	19.189	150.363	20.32	0.034	0.941	30000.0
310	929.494	18.123	147.832	19.126	0.031	0.949	20000.0
311	923.784	18.308	149.831	19.915	0.033	0.945	20000.0
312	951.228	18.894	151.575	19.467	0.033	0.948	20000.0
313	945.014	18.942	149.762	19.827	0.033	0.945	30000.0
314	922.477	18.508	149.249	19.729	0.033	0.944	20000.0
315	918.391	18.414	145.891	19.61	0.033	0.947	20000.0
316	915.377	18.202	146.521	19.408	0.032	0.948	40000.0
317	941.273	18.382	147.791	19.303	0.032	0.948	50000.0
318	922.245	18.577	146.443	19.772	0.033	0.945	20000.0
319	916.642	18.443	146.64	19.645	0.032	0.945	30000.0
320	946.404	18.755	151.593	19.996	0.033	0.945	20000.0
321	940.947	18.781	148.682	19.77	0.034	0.946	20000.0
322	938.164	18.522	147.234	19.769	0.032	0.946	30000.0
323	935.258	18.468	149.985	19.878	0.032	0.945	20000.0
324	913.403	18.014	142.692	18.691	0.031	0.951	40000.0
325	899.78	18.074	142.714	19.252	0.032	0.948	30000.0
326	926.091	18.4	148.182	19.831	0.032	0.946	30000.0
327	942.535	18.666	147.625	19.681	0.034	0.945	20000.0
328	932.33	18.813	147.436	19.944	0.034	0.944	20000.0
329	924.631	18.188	146.478	19.123	0.032	0.948	20000.0
330	929.79	18.486	149.514	19.495	0.032	0.947	30000.0
331	925.621	18.622	144.361	19.63	0.033	0.946	40000.0
332	928.384	18.605	148.261	19.743	0.033	0.945	20000.0
333	911.942	18.094	144.819	18.902	0.032	0.951	40000.0
334	924.476	18.597	146.891	19.461	0.033	0.946	20000.0
335	936.326	18.692	148.575	19.534	0.034	0.946	20000.0
336	932.56	18.291	145.968	19.297	0.031	0.947	40000.0
337	908.845	18.089	147.694	19.194	0.031	0.949	20000.0
338	919.366	18.371	146.471	19.394	0.032	0.948	20000.0
339	934.081	18.561	148.843	19.437	0.033	0.948	30000.0
340	908.362	18.191	145.163	19.171	0.032	0.948	30000.0
341	935.919	19.056	151.092	20.279	0.035	0.942	20000.0
342	940.73	18.521	150.839	19.801	0.032	0.946	20000.0
343	938.96	18.648	150.477	19.662	0.033	0.946	30000.0
344	919.804	18.202	144.598	19.09	0.031	0.95	30000.0
345	926.802	18.325	146.548	19.243	0.032	0.949	20000.0
346	926.761	18.53	147.757	19.549	0.033	0.947	40000.0
347	938.384	18.558	147.856	19.434	0.034	0.947	20000.0
348	933.773	18.782	149.357	19.876	0.033	0.946	30000.0
349	931.09	18.269	149.74	19.436	0.032	0.947	40000.0
350	929.646	18.533	144.904	19.369	0.033	0.947	20000.0
351	902.438	17.951	143.423	18.976	0.031	0.95	20000.0
352	917.021	18.27	149.342	19.623	0.032	0.947	30000.0
353	931.886	18.81	151.017	20.001	0.034	0.943	30000.0
354	933.539	18.71	147.578	19.794	0.034	0.946	20000.0
355	917.826	18.477	147.17	19.657	0.032	0.947	40000.0
356	922.539	18.434	148.486	19.419	0.033	0.948	30000.0
357	909.226	18.26	146.083	19.372	0.032	0.946	20000.0
358	931.13	18.722	145.455	19.49	0.033	0.947	30000.0
359	928.665	18.683	149.662	19.815	0.034	0.945	20000.0
360	925.342	18.405	151.82	19.755	0.032	0.947	20000.0
361	930.574	18.408	150.518	19.59	0.033	0.947	30000.0
362	922.988	18.412	150.547	19.75	0.032	0.945	50000.0
363	926.471	18.183	149.602	19.566	0.031	0.947	20000.0
364	927.643	18.55	150.352	20.001	0.032	0.944	20000.0
365	918.552	18.45	149.596	19.979	0.032	0.945	20000.0
366	918.645	18.609	145.027	19.424	0.033	0.948	40000.0
367	920.965	18.339	145.081	19.43	0.033	0.947	20000.0
368	928.565	18.313	148.627	19.444	0.032	0.948	40000.0
369	933.152	18.575	148.448	19.524	0.033	0.947	20000.0
370	950.194	18.975	152.386	20.061	0.034	0.945	40000.0
371	916.549	18.273	146.568	19.39	0.032	0.947	50000.0
372	945.759	18.634	149.658	19.757	0.032	0.946	30000.0
373	935.162	18.649	147.765	19.47	0.033	0.947	20000.0
374	926.387	18.182	148.335	19.224	0.032	0.949	20000.0
375	918.99	18.312	145.262	19.216	0.032	0.948	30000.0
376	932.019	18.392	149.56	19.45	0.032	0.946	40000.0
377	924.642	18.514	146.227	19.541	0.034	0.948	30000.0
378	921.645	18.457	144.966	19.328	0.033	0.949	20000.0
379	938.043	19.007	148.561	19.926	0.035	0.946	40000.0
380	908.786	17.907	143.109	18.828	0.031	0.951	20000.0
381	927.435	18.329	145.961	19.054	0.032	0.951	20000.0
382	916.559	18.493	148.488	19.674	0.034	0.948	20000.0
383	907.354	18.179	143.456	19.164	0.032	0.949	20000.0
384	914.032	18.209	145.83	19.474	0.032	0.948	30000.0
385	941.831	18.703	150.421	19.718	0.033	0.946	30000.0
386	916.241	18.568	144.453	19.371	0.033	0.947	40000.0
387	940.068	18.701	148.946	19.581	0.033	0.947	40000.0
388	919.294	18.394	147.43	19.53	0.033	0.947	50000.0
389	926.584	18.44	149.271	19.613	0.032	0.947	20000.0
390	909.536	18.178	146.41	19.472	0.032	0.947	30000.0
391	917.043	18.536	143.373	19.424	0.032	0.947	20000.0
392	916.016	18.241	150.194	19.574	0.032	0.948	30000.0
393	915.486	18.24	144.283	19.323	0.032	0.947	20000.0
394	930.578	18.569	146.074	19.381	0.032	0.947	20000.0
395	941.919	18.76	153.568	20.153	0.033	0.944	20000.0
396	923.144	18.356	147.379	19.379	0.032	0.948	30000.0
397	928.089	18.392	145.753	19.415	0.032	0.947	150000.0
398	941.048	18.875	149.972	19.897	0.034	0.946	40000.0
399	940.981	18.667	151.314	19.844	0.033	0.944	20000.0
400	889.964	17.8	141.386	18.746	0.03	0.951	20000.0
401	904.536	17.879	142.603	18.811	0.031	0.95	20000.0
402	918.124	18.261	148.815	19.603	0.032	0.947	40000.0
403	917.898	18.382	145.597	19.243	0.032	0.948	30000.0
404	929.091	18.409	148.856	19.451	0.032	0.949	50000.0
405	906.384	18.175	143.74	19.099	0.031	0.949	20000.0
406	921.11	18.528	147.977	19.683	0.033	0.946	20000.0
407	935.513	18.53	149.117	19.554	0.032	0.946	50000.0
408	928.716	18.136	149.231	19.174	0.031	0.949	20000.0
409	920.288	18.41	146.032	19.221	0.033	0.949	50000.0
410	942.743	18.913	149.901	20.049	0.033	0.945	20000.0
411	931.102	18.584	149.145	19.591	0.033	0.947	30000.0
412	912.708	18.242	148.832	19.425	0.033	0.948	50000.0
413	934.08	18.446	147.57	19.5	0.033	0.947	30000.0
414	934.311	18.415	146.466	19.433	0.032	0.946	30000.0
415	924.537	18.283	147.341	19.29	0.032	0.949	50000.0
416	914.149	18.364	147.04	19.521	0.032	0.948	30000.0
417	902.597	18.188	145.284	18.954	0.032	0.951	50000.0
418	929.517	18.758	148.556	19.87	0.033	0.944	20000.0
419	934.7	18.659	147.566	19.723	0.034	0.947	20000.0
420	922.582	18.493	148.014	19.514	0.032	0.947	20000.0
421	924.298	18.524	147.575	19.627	0.033	0.946	30000.0
422	926.348	18.599	148.356	19.605	0.032	0.948	30000.0
423	910.141	18.278	142.657	19.161	0.032	0.949	20000.0
424	903.489	17.982	142.949	19.025	0.031	0.949	30000.0
425	923.18	18.418	147.116	19.582	0.033	0.945	20000.0
426	927.087	18.381	146.691	19.332	0.032	0.949	20000.0
427	913.013	18.232	146.648	19.383	0.032	0.949	60000.0
428	910.295	18.255	143.641	19.033	0.032	0.95	40000.0
429	900.543	18.056	143.881	19.344	0.031	0.948	20000.0
430	884.734	17.578	140.106	18.462	0.031	0.952	30000.0
431	938.819	18.854	149.311	19.867	0.034	0.945	20000.0
432	919.756	18.332	143.033	19.003	0.032	0.949	30000.0
433	930.466	18.555	148.382	19.644	0.032	0.946	20000.0
434	928.733	18.547	150.282	19.763	0.033	0.946	20000.0
435	927.33	18.635	144.618	19.4	0.033	0.947	30000.0
436	934.41	18.82	149.899	19.882	0.034	0.945	20000.0
437	911.602	18.291	145.173	19.375	0.032	0.947	30000.0
438	931.019	18.5	146.643	19.266	0.033	0.948	30000.0
439	937.191	18.809	149.709	19.687	0.034	0.946	20000.0
440	919.158	18.233	149.351	19.432	0.031	0.948	50000.0
441	924.265	18.376	148.117	19.54	0.033	0.946	20000.0
442	946.436	19.034	152.631	20.02	0.034	0.945	40000.0
443	923.055	18.516	146.287	19.507	0.032	0.948	40000.0
444	934.429	18.26	149.827	19.299	0.032	0.949	20000.0
445	901.261	17.81	143.092	18.912	0.03	0.951	20000.0
446	911.152	18.106	149.096	19.216	0.032	0.949	20000.0
447	924.637	18.375	148.233	19.506	0.032	0.947	20000.0
448	916.186	17.935	143.337	18.811	0.03	0.951	50000.0
449	929.397	18.536	146.435	19.487	0.033	0.946	40000.0
450	949.229	18.845	155.891	20.087	0.034	0.944	30000.0
451	936.026	18.612	150.121	19.638	0.033	0.948	20000.0
452	897.227	17.959	141.578	18.757	0.031	0.951	30000.0
453	940.347	18.676	152.128	19.971	0.032	0.945	20000.0
454	904.989	17.894	144.549	18.903	0.031	0.951	40000.0
455	936.981	18.454	149.609	19.537	0.033	0.947	30000.0
456	932.404	18.297	149.384	19.344	0.031	0.949	20000.0
457	905.682	18.08	143.401	19.058	0.032	0.949	40000.0
458	931.55	18.643	146.798	19.391	0.033	0.948	20000.0
459	915.46	18.171	148.397	19.285	0.032	0.949	30000.0
460	923.219	18.441	146.282	19.294	0.033	0.948	20000.0
461	910.088	18.468	145.391	19.279	0.033	0.949	20000.0
462	941.465	18.752	150.746	19.726	0.033	0.947	20000.0
463	927.896	18.532	146.518	19.514	0.032	0.947	30000.0
464	924.916	18.524	142.561	19.071	0.034	0.949	20000.0
465	927.301	18.569	149.765	19.592	0.032	0.947	70000.0
466	913.131	17.985	144.101	18.997	0.031	0.95	20000.0
467	905.846	17.754	144.89	18.888	0.03	0.95	30000.0
468	933.197	18.476	149.503	19.523	0.032	0.948	20000.0
469	915.587	18.298	145.932	19.494	0.032	0.947	30000.0
470	929.969	18.444	151.558	19.645	0.032	0.947	20000.0
471	931.399	18.551	151.96	19.803	0.033	0.946	40000.0
472	926.401	18.621	151.244	19.965	0.033	0.943	30000.0
473	934.95	18.573	148.744	19.637	0.033	0.946	180000.0
474	947.265	18.659	150.015	19.485	0.034	0.948	30000.0
475	934.634	18.782	148.286	19.879	0.034	0.944	30000.0
476	927.747	18.399	142.84	19.14	0.032	0.948	20000.0
477	927.176	18.605	146.026	19.635	0.033	0.945	20000.0
478	920.309	18.509	146.504	19.478	0.033	0.947	20000.0
479	944.031	18.492	151.891	19.689	0.032	0.945	20000.0
480	946.238	18.763	148.942	19.856	0.034	0.944	20000.0
481	909.588	18.112	145.719	19.112	0.032	0.949	30000.0
482	921.41	18.487	147.537	19.582	0.032	0.947	20000.0
483	927.345	18.42	148.481	19.225	0.032	0.949	20000.0
484	929.604	18.505	149.937	19.701	0.033	0.946	20000.0
485	924.77	18.258	147.743	19.378	0.031	0.948	30000.0
486	943.015	18.807	149.546	19.878	0.033	0.944	20000.0
487	912.999	18.056	146.599	19.129	0.032	0.949	30000.0
488	932.959	18.493	150.546	19.595	0.032	0.947	20000.0
489	941.977	18.591	152.396	19.912	0.033	0.946	20000.0
490	936.572	18.659	149.276	19.628	0.033	0.947	20000.0
491	920.71	18.266	148.146	19.256	0.032	0.949	60000.0
492	938.158	18.944	151.284	20.181	0.034	0.943	30000.0
493	921.802	18.235	146.2	19.095	0.032	0.95	20000.0
494	918.115	18.367	146.35	19.427	0.033	0.947	20000.0
495	930.904	18.364	148.809	19.318	0.032	0.948	20000.0
496	913.018	18.156	145.238	19.319	0.032	0.947	30000.0
497	938.745	18.663	149.08	19.728	0.033	0.947	30000.0
498	923.881	18.231	147.903	19.41	0.033	0.948	20000.0
499	937.71	18.496	148.816	19.413	0.033	0.947	30000.0
500	912.615	18.413	146.153	19.281	0.032	0.949	30000.0
