Samples	SBS96A	SBS96B	SBS96C
PD4199a	4.23E+00	6.20E+00	6.14E+00
PD4005a	3.71E+00	7.46E+00	8.72E+00
PD3851a	1.14E+00	5.46E+00	5.07E+00
PD4116a	6.41E+00	1.14E+01	1.53E+01
PD4086a	1.48E+00	4.42E+00	4.47E+00
PD4194a	1.36E+00	4.50E+00	3.98E+00
PD4248a	1.47E+00	6.56E+00	6.40E+00
PD4120a	3.42E+01	2.36E+01	3.38E+01
PD4198a	3.02E+00	1.24E+01	1.13E+01
PD3904a	3.39E+00	9.73E+00	1.15E+01
PD3945a	7.23E+00	1.66E+01	2.12E+01
PD4107a	6.80E+00	1.75E+01	2.16E+01
PD3905a	3.30E+00	7.01E+00	8.73E+00
PD4192a	2.07E+00	7.34E+00	7.49E+00
PD4109a	4.58E+00	2.01E+01	1.92E+01
PD4103a	4.37E+00	1.45E+01	1.27E+01
PD4115a	6.31E+00	1.73E+01	2.12E+01
PD4085a	1.73E+00	8.20E+00	7.38E+00
PD3890a	4.40E+00	9.24E+00	1.15E+01
PD4006a	7.11E+00	1.48E+01	1.96E+01
PD4088a	1.58E+00	5.60E+00	4.97E+00
