Samples	SBS1	SBS2	SBS3	SBS5	SBS8	SBS13	SBS40
PD4199a	350	2493	0	1537	0	2552	0
PD4005a	237	828	2915	687	0	1437	0
PD3851a	236	0	0	378	0	0	1168
PD4116a	162	396	3623	1478	1591	776	0
PD4086a	149	257	712	677	0	404	0
PD4194a	220	117	0	382	0	157	608
PD4248a	199	0	0	446	0	0	1891
PD4120a	748	32542	0	3482	0	33918	0
PD4198a	536	405	0	817	0	211	2583
PD3904a	241	270	0	576	0	359	4162
PD3945a	413	0	0	121	0	0	9774
PD4107a	463	0	0	501	0	0	9327
PD3905a	234	193	2039	0	0	388	1733
PD4192a	352	299	1998	773	0	497	0
PD4109a	935	516	0	1830	0	1308	5299
PD4103a	659	537	0	456	0	463	3245
PD4115a	511	0	3744	71	0	0	5628
PD4085a	337	0	0	511	0	0	1825
PD3890a	222	315	4041	857	0	689	0
PD4006a	426	0	4565	0	0	0	4203
PD4088a	301	0	0	0	0	0	1404
